GEO_TYPE,GEO_ID,GEO_LABEL,GEO_DISPLAY_NAME,,Latino ,White ,Black ,Native American ,Asian or Pacific Islander ,Other Race ,,,,,,,,,,,,,,,,,,,,,,,,,,,,,,,,,,,,,,,,tract,36005000100,"Census Tract 1, Bronx County, New York",,1,29.85472,6.797281,59.9227,0.186592,1.79928,1.439424,,,,,,,,,,,,,,,,,,,,,,,,,,,,,,,,,,,,,,,,tract,36005000200,"Census Tract 2, Bronx County, New York",,0,74.95715,1.771091,18.09179,0,2.799467,2.380499,,,,,,,,,,,,,,,,,,,,,,,,,,,,,,,,,,,,,,,,tract,36005000400,"Census Tract 4, Bronx County, New York",,0,64.68227,4.063545,29.73244,0,0.568562,0.953177,,,,,,,,,,,,,,,,,,,,,,,,,,,,,,,,,,,,,,,,tract,36005001600,"Census Tract 16, Bronx County, New York",,0,66.72721,2.344782,29.32629,0,0,1.601717,,,,,,,,,,,,,,,,,,,,,,,,,,,,,,,,,,,,,,,,tract,36005001900,"Census Tract 19, Bronx County, New York",,0,54.02685,7.270694,32.62491,0,1.86428,4.213274,,,,,,,,,,,,,,,,,,,,,,,,,,,,,,,,,,,,,,,,tract,36005002000,"Census Tract 20, Bronx County, New York",,0,61.36239,1.401818,34.33359,0.240937,2.661264,0,,,,,,,,,,,,,,,,,,,,,,,,,,,,,,,,,,,,,,,,tract,36005002300,"Census Tract 23, Bronx County, New York",,0,62.76949,0.207297,36.15257,0.870647,0,0,,,,,,,,,,,,,,,,,,,,,,,,,,,,,,,,,,,,,,,,tract,36005002400,"Census Tract 24, Bronx County, New York",,1,0,47.15447,52.84553,0,0,0,,,,,,,,,,,,,,,,,,,,,,,,,,,,,,,,,,,,,,,,tract,36005002500,"Census Tract 25, Bronx County, New York",,0,77.79154,1.610334,17.89064,0,2.583614,0.123872,,,,,,,,,,,,,,,,,,,,,,,,,,,,,,,,,,,,,,,,tract,36005002701,"Census Tract 27.01, Bronx County, New York",,0,68.029,0,31.3118,0,0,0.659196,,,,,,,,,,,,,,,,,,,,,,,,,,,,,,,,,,,,,,,,tract,36005002702,"Census Tract 27.02, Bronx County, New York",,0,69.08625,0.960717,29.95303,0,0,0,,,,,,,,,,,,,,,,,,,,,,,,,,,,,,,,,,,,,,,,tract,36005002800,"Census Tract 28, Bronx County, New York",,0,37.5514,0.71028,56.65421,0,0.691589,4.392523,,,,,,,,,,,,,,,,,,,,,,,,,,,,,,,,,,,,,,,,tract,36005003100,"Census Tract 31, Bronx County, New York",,0,66.97248,0.802752,29.75917,0,2.006881,0.458716,,,,,,,,,,,,,,,,,,,,,,,,,,,,,,,,,,,,,,,,tract,36005003300,"Census Tract 33, Bronx County, New York",,0,62.49027,1.167315,32.97017,2.30869,0,1.063554,,,,,,,,,,,,,,,,,,,,,,,,,,,,,,,,,,,,,,,,tract,36005003500,"Census Tract 35, Bronx County, New York",,0,73.49428,0.381194,26.12452,0,0,0,,,,,,,,,,,,,,,,,,,,,,,,,,,,,,,,,,,,,,,,tract,36005003700,"Census Tract 37, Bronx County, New York",,0,58.42294,20.07168,21.50538,0,0,0,,,,,,,,,,,,,,,,,,,,,,,,,,,,,,,,,,,,,,,,tract,36005003800,"Census Tract 38, Bronx County, New York",,0,58.50722,1.123596,38.2825,0,0.722311,1.364366,,,,,,,,,,,,,,,,,,,,,,,,,,,,,,,,,,,,,,,,tract,36005003900,"Census Tract 39, Bronx County, New York",,0,81.31648,4.578388,14.10513,0,0,0,,,,,,,,,,,,,,,,,,,,,,,,,,,,,,,,,,,,,,,,tract,36005004001,"Census Tract 40.01, Bronx County, New York",,0,56.95097,11.48422,8.126259,0,18.80457,4.633983,,,,,,,,,,,,,,,,,,,,,,,,,,,,,,,,,,,,,,,,tract,36005004100,"Census Tract 41, Bronx County, New York",,0,79.78415,0.579897,19.1366,0,0.499356,0,,,,,,,,,,,,,,,,,,,,,,,,,,,,,,,,,,,,,,,,tract,36005004200,"Census Tract 42, Bronx County, New York",,0,46.92915,4.61264,46.86544,0,1.223242,0.369521,,,,,,,,,,,,,,,,,,,,,,,,,,,,,,,,,,,,,,,,tract,36005004300,"Census Tract 43, Bronx County, New York",,0,71.16758,0.381996,25.82627,0,0.56469,2.059459,,,,,,,,,,,,,,,,,,,,,,,,,,,,,,,,,,,,,,,,tract,36005004400,"Census Tract 44, Bronx County, New York",,0,62.2747,1.678061,32.98115,0,2.941786,0.124301,,,,,,,,,,,,,,,,,,,,,,,,,,,,,,,,,,,,,,,,tract,36005004600,"Census Tract 46, Bronx County, New York",,0,60.22267,2.580972,36.083,0.404858,0,0.708502,,,,,,,,,,,,,,,,,,,,,,,,,,,,,,,,,,,,,,,,tract,36005004800,"Census Tract 48, Bronx County, New York",,0,75.62167,0.643872,22.11368,0,0,1.620782,,,,,,,,,,,,,,,,,,,,,,,,,,,,,,,,,,,,,,,,tract,36005005001,"Census Tract 50.01, Bronx County, New York",,0,65.41208,0.907161,30.80486,1.447597,0,1.428296,,,,,,,,,,,,,,,,,,,,,,,,,,,,,,,,,,,,,,,,tract,36005005002,"Census Tract 50.02, Bronx County, New York",,0,69.50941,0.615439,21.73378,1.547389,1.125374,5.468613,,,,,,,,,,,,,,,,,,,,,,,,,,,,,,,,,,,,,,,,tract,36005005100,"Census Tract 51, Bronx County, New York",,0,74.26004,0.158562,23.80197,1.356589,0.422833,0,,,,,,,,,,,,,,,,,,,,,,,,,,,,,,,,,,,,,,,,tract,36005005200,"Census Tract 52, Bronx County, New York",,0,72.46622,0.591216,25.80236,0,0.380068,0.760135,,,,,,,,,,,,,,,,,,,,,,,,,,,,,,,,,,,,,,,,tract,36005005300,"Census Tract 53, Bronx County, New York",,0,47.51681,1.78479,48.52561,0.879462,0.155199,1.138127,,,,,,,,,,,,,,,,,,,,,,,,,,,,,,,,,,,,,,,,tract,36005005400,"Census Tract 54, Bronx County, New York",,0,75.25429,1.668786,17.03751,0,1.493961,4.545455,,,,,,,,,,,,,,,,,,,,,,,,,,,,,,,,,,,,,,,,tract,36005005600,"Census Tract 56, Bronx County, New York",,0,64.26932,1.530222,24.59832,0,2.027544,7.574598,,,,,,,,,,,,,,,,,,,,,,,,,,,,,,,,,,,,,,,,tract,36005005902,"Census Tract 59.02, Bronx County, New York",,0,73.85288,3.058995,20.10197,0,1.201748,1.784414,,,,,,,,,,,,,,,,,,,,,,,,,,,,,,,,,,,,,,,,tract,36005006000,"Census Tract 60, Bronx County, New York",,0,76.12293,1.339638,18.12451,0,2.442868,1.970055,,,,,,,,,,,,,,,,,,,,,,,,,,,,,,,,,,,,,,,,tract,36005006100,"Census Tract 61, Bronx County, New York",,0,20.55183,2.34657,73.77514,0,0.51573,2.810727,,,,,,,,,,,,,,,,,,,,,,,,,,,,,,,,,,,,,,,,tract,36005006200,"Census Tract 62, Bronx County, New York",,0,68.11535,0.027078,29.50176,0.284322,2.057947,0.013539,,,,,,,,,,,,,,,,,,,,,,,,,,,,,,,,,,,,,,,,tract,36005006300,"Census Tract 63, Bronx County, New York",,0,66.60452,5.68632,21.8131,0.769052,4.054999,1.072011,,,,,,,,,,,,,,,,,,,,,,,,,,,,,,,,,,,,,,,,tract,36005006400,"Census Tract 64, Bronx County, New York",,0,52.60257,4.715248,33.80282,0,4.4703,4.409063,,,,,,,,,,,,,,,,,,,,,,,,,,,,,,,,,,,,,,,,tract,36005006500,"Census Tract 65, Bronx County, New York",,0,66.50027,2.460332,29.18524,0,1.390622,0.463541,,,,,,,,,,,,,,,,,,,,,,,,,,,,,,,,,,,,,,,,tract,36005006700,"Census Tract 67, Bronx County, New York",,0,64.99934,0.276425,29.68277,1.079373,0.987232,2.974858,,,,,,,,,,,,,,,,,,,,,,,,,,,,,,,,,,,,,,,,tract,36005006800,"Census Tract 68, Bronx County, New York",,0,47.23049,3.275759,39.72603,0.714711,8.814771,0.238237,,,,,,,,,,,,,,,,,,,,,,,,,,,,,,,,,,,,,,,,tract,36005006900,"Census Tract 69, Bronx County, New York",,0,56.19234,2.548432,37.36162,0,1.729705,2.167897,,,,,,,,,,,,,,,,,,,,,,,,,,,,,,,,,,,,,,,,tract,36005007000,"Census Tract 70, Bronx County, New York",,0,63.08038,2.311311,20.3109,0.715893,6.708938,6.872571,,,,,,,,,,,,,,,,,,,,,,,,,,,,,,,,,,,,,,,,tract,36005007100,"Census Tract 71, Bronx County, New York",,0,63.79717,1.650943,32.03616,0,1.29717,1.218553,,,,,,,,,,,,,,,,,,,,,,,,,,,,,,,,,,,,,,,,tract,36005007200,"Census Tract 72, Bronx County, New York",,0,44.59824,6.129786,18.31745,0,23.76416,7.190365,,,,,,,,,,,,,,,,,,,,,,,,,,,,,,,,,,,,,,,,tract,36005007300,"Census Tract 73, Bronx County, New York",,0,57.46416,1.557093,39.54523,0.074147,0.988631,0.370737,,,,,,,,,,,,,,,,,,,,,,,,,,,,,,,,,,,,,,,,tract,36005007400,"Census Tract 74, Bronx County, New York",,0,65.79303,3.107268,29.12726,0,0.189138,1.783302,,,,,,,,,,,,,,,,,,,,,,,,,,,,,,,,,,,,,,,,tract,36005007500,"Census Tract 75, Bronx County, New York",,0,55.98213,1.423134,41.03922,1.406586,0,0.148933,,,,,,,,,,,,,,,,,,,,,,,,,,,,,,,,,,,,,,,,tract,36005007600,"Census Tract 76, Bronx County, New York",,0,64.49232,4.049471,22.44165,0,8.298424,0.718133,,,,,,,,,,,,,,,,,,,,,,,,,,,,,,,,,,,,,,,,tract,36005007700,"Census Tract 77, Bronx County, New York",,0,72.10784,2.352941,25.09804,0.441176,0,0,,,,,,,,,,,,,,,,,,,,,,,,,,,,,,,,,,,,,,,,tract,36005007800,"Census Tract 78, Bronx County, New York",,0,71.7521,3.442999,13.45065,0,8.936496,2.417751,,,,,,,,,,,,,,,,,,,,,,,,,,,,,,,,,,,,,,,,tract,36005007900,"Census Tract 79, Bronx County, New York",,0,73.4947,0.134469,24.98132,0,0.567757,0.821754,,,,,,,,,,,,,,,,,,,,,,,,,,,,,,,,,,,,,,,,tract,36005008300,"Census Tract 83, Bronx County, New York",,0,81.28358,0.333963,13.7215,0,3.818789,0.842166,,,,,,,,,,,,,,,,,,,,,,,,,,,,,,,,,,,,,,,,tract,36005008400,"Census Tract 84, Bronx County, New York",,0,63.44937,1.542722,25.2769,0,6.25,3.481013,,,,,,,,,,,,,,,,,,,,,,,,,,,,,,,,,,,,,,,,tract,36005008500,"Census Tract 85, Bronx County, New York",,0,79.11333,0.796129,18.3734,0,0.967843,0.749298,,,,,,,,,,,,,,,,,,,,,,,,,,,,,,,,,,,,,,,,tract,36005008600,"Census Tract 86, Bronx County, New York",,0,69.57651,0.545596,26.31852,0,3.377501,0.181865,,,,,,,,,,,,,,,,,,,,,,,,,,,,,,,,,,,,,,,,tract,36005008700,"Census Tract 87, Bronx County, New York",,0,77.13396,1.869159,19.43925,0.607477,0,0.950156,,,,,,,,,,,,,,,,,,,,,,,,,,,,,,,,,,,,,,,,tract,36005008900,"Census Tract 89, Bronx County, New York",,0,79.14535,1.564851,18.68793,0,0.601866,0,,,,,,,,,,,,,,,,,,,,,,,,,,,,,,,,,,,,,,,,tract,36005009000,"Census Tract 90, Bronx County, New York",,0,69.08691,2.722772,23.21232,0,3.79538,1.182618,,,,,,,,,,,,,,,,,,,,,,,,,,,,,,,,,,,,,,,,tract,36005009200,"Census Tract 92, Bronx County, New York",,0,61.20502,1.723849,15.69874,0,14.04184,7.330544,,,,,,,,,,,,,,,,,,,,,,,,,,,,,,,,,,,,,,,,tract,36005009300,"Census Tract 93, Bronx County, New York",,0,70.15604,0.984699,28.1927,0.227238,0,0.439327,,,,,,,,,,,,,,,,,,,,,,,,,,,,,,,,,,,,,,,,tract,36005009600,"Census Tract 96, Bronx County, New York",,0,54.13939,6.738544,19.59954,0,19.25298,0.269542,,,,,,,,,,,,,,,,,,,,,,,,,,,,,,,,,,,,,,,,tract,36005009800,"Census Tract 98, Bronx County, New York",,0,71.29665,2.619676,21.14587,0,3.241613,1.696193,,,,,,,,,,,,,,,,,,,,,,,,,,,,,,,,,,,,,,,,tract,36005011000,"Census Tract 110, Bronx County, New York",,0,100,0,0,0,0,0,,,,,,,,,,,,,,,,,,,,,,,,,,,,,,,,,,,,,,,,tract,36005011502,"Census Tract 115.02, Bronx County, New York",,0,68.87887,0.558419,29.44588,0,1.116838,0,,,,,,,,,,,,,,,,,,,,,,,,,,,,,,,,,,,,,,,,tract,36005011700,"Census Tract 117, Bronx County, New York",,0,68.55469,2.929688,28.51563,0,0,0,,,,,,,,,,,,,,,,,,,,,,,,,,,,,,,,,,,,,,,,tract,36005011800,"Census Tract 118, Bronx County, New York",,0,22.47959,69.81204,1.9176,0,4.91741,0.873362,,,,,,,,,,,,,,,,,,,,,,,,,,,,,,,,,,,,,,,,tract,36005011900,"Census Tract 119, Bronx County, New York",,0,66.6731,0.173779,30.85538,0.328249,0.270322,1.69917,,,,,,,,,,,,,,,,,,,,,,,,,,,,,,,,,,,,,,,,tract,36005012101,"Census Tract 121.01, Bronx County, New York",,0,69.21739,2.991304,24.86957,0,1.252174,1.669565,,,,,,,,,,,,,,,,,,,,,,,,,,,,,,,,,,,,,,,,tract,36005012102,"Census Tract 121.02, Bronx County, New York",,0,86.74197,0.297265,12.00951,0,0,0.951249,,,,,,,,,,,,,,,,,,,,,,,,,,,,,,,,,,,,,,,,tract,36005012300,"Census Tract 123, Bronx County, New York",,0,67.63422,1.721038,27.63935,0,1.078859,1.926535,,,,,,,,,,,,,,,,,,,,,,,,,,,,,,,,,,,,,,,,tract,36005012500,"Census Tract 125, Bronx County, New York",,0,66.48109,1.345395,28.36929,0.649501,1.600557,1.554164,,,,,,,,,,,,,,,,,,,,,,,,,,,,,,,,,,,,,,,,tract,36005012701,"Census Tract 127.01, Bronx County, New York",,0,76.50972,2.507677,16.58137,0.921187,3.480041,0,,,,,,,,,,,,,,,,,,,,,,,,,,,,,,,,,,,,,,,,tract,36005012901,"Census Tract 129.01, Bronx County, New York",,0,57.71226,2.476415,36.58019,0,2.099057,1.132075,,,,,,,,,,,,,,,,,,,,,,,,,,,,,,,,,,,,,,,,tract,36005013000,"Census Tract 130, Bronx County, New York",,0,53.28265,43.46925,1.174845,0,0,2.073255,,,,,,,,,,,,,,,,,,,,,,,,,,,,,,,,,,,,,,,,tract,36005013100,"Census Tract 131, Bronx County, New York",,0,69.80831,0.61901,28.49441,0,0.139776,0.938498,,,,,,,,,,,,,,,,,,,,,,,,,,,,,,,,,,,,,,,,tract,36005013200,"Census Tract 132, Bronx County, New York",,0,48.82682,29.41341,13.37989,0,3.994413,4.385475,,,,,,,,,,,,,,,,,,,,,,,,,,,,,,,,,,,,,,,,tract,36005013300,"Census Tract 133, Bronx County, New York",,0,60.39377,1.493027,35.78343,1.919606,0.410172,0,,,,,,,,,,,,,,,,,,,,,,,,,,,,,,,,,,,,,,,,tract,36005013500,"Census Tract 135, Bronx County, New York",,0,63.32036,1.400778,33.85214,0,0,1.426719,,,,,,,,,,,,,,,,,,,,,,,,,,,,,,,,,,,,,,,,tract,36005013800,"Census Tract 138, Bronx County, New York",,0,27.66643,61.30995,3.65068,0,5.332856,2.040086,,,,,,,,,,,,,,,,,,,,,,,,,,,,,,,,,,,,,,,,tract,36005014100,"Census Tract 141, Bronx County, New York",,0,62.23837,0.328663,34.90746,0,1.141671,1.383844,,,,,,,,,,,,,,,,,,,,,,,,,,,,,,,,,,,,,,,,tract,36005014300,"Census Tract 143, Bronx County, New York",,0,38.06452,5.253456,49.95392,0.737327,3.778802,2.211982,,,,,,,,,,,,,,,,,,,,,,,,,,,,,,,,,,,,,,,,tract,36005014400,"Census Tract 144, Bronx County, New York",,0,62.14908,3.420458,31.54243,0,2.258793,0.629235,,,,,,,,,,,,,,,,,,,,,,,,,,,,,,,,,,,,,,,,tract,36005014500,"Census Tract 145, Bronx County, New York",,0,60.49063,1.084813,36.6001,0.406805,0.086292,1.331361,,,,,,,,,,,,,,,,,,,,,,,,,,,,,,,,,,,,,,,,tract,36005014701,"Census Tract 147.01, Bronx County, New York",,0,49.23098,0.964765,49.42673,0,0.111857,0.26566,,,,,,,,,,,,,,,,,,,,,,,,,,,,,,,,,,,,,,,,tract,36005014702,"Census Tract 147.02, Bronx County, New York",,0,59.1626,1.314307,38.99737,0,0,0.525723,,,,,,,,,,,,,,,,,,,,,,,,,,,,,,,,,,,,,,,,tract,36005014900,"Census Tract 149, Bronx County, New York",,0,59.73824,2.417924,35.24845,0,0.288376,2.30701,,,,,,,,,,,,,,,,,,,,,,,,,,,,,,,,,,,,,,,,tract,36005015100,"Census Tract 151, Bronx County, New York",,0,56.96056,1.430781,40.95128,0,0,0.657386,,,,,,,,,,,,,,,,,,,,,,,,,,,,,,,,,,,,,,,,tract,36005015200,"Census Tract 152, Bronx County, New York",,0,63.67201,22.99465,7.165775,0,3.101604,3.065954,,,,,,,,,,,,,,,,,,,,,,,,,,,,,,,,,,,,,,,,tract,36005015300,"Census Tract 153, Bronx County, New York",,0,52.52049,0.983607,44.77459,0,1.127049,0.594262,,,,,,,,,,,,,,,,,,,,,,,,,,,,,,,,,,,,,,,,tract,36005015500,"Census Tract 155, Bronx County, New York",,0,79.97303,0.269724,17.9029,0,0.842886,1.011463,,,,,,,,,,,,,,,,,,,,,,,,,,,,,,,,,,,,,,,,tract,36005015700,"Census Tract 157, Bronx County, New York",,0,70.81329,1.168385,25.75029,0,1.260023,1.008018,,,,,,,,,,,,,,,,,,,,,,,,,,,,,,,,,,,,,,,,tract,36005015800,"Census Tract 158, Bronx County, New York",,0,58.25688,29.26606,4.770642,0,4.587156,3.119266,,,,,,,,,,,,,,,,,,,,,,,,,,,,,,,,,,,,,,,,tract,36005015900,"Census Tract 159, Bronx County, New York",,0,91.75,0.75,6.125,0,1.25,0.125,,,,,,,,,,,,,,,,,,,,,,,,,,,,,,,,,,,,,,,,tract,36005016000,"Census Tract 160, Bronx County, New York",,0,24.02597,69.55544,1.373626,0,2.497502,2.547453,,,,,,,,,,,,,,,,,,,,,,,,,,,,,,,,,,,,,,,,tract,36005016100,"Census Tract 161, Bronx County, New York",,0,72.09515,0.343092,26.82983,0,0.73193,0,,,,,,,,,,,,,,,,,,,,,,,,,,,,,,,,,,,,,,,,tract,36005016200,"Census Tract 162, Bronx County, New York",,0,50.9687,41.62941,5.067064,1.589667,0.397417,0.34774,,,,,,,,,,,,,,,,,,,,,,,,,,,,,,,,,,,,,,,,tract,36005016300,"Census Tract 163, Bronx County, New York",,0,n/a,n/a,n/a,n/a,n/a,n/a,,,,,,,,,,,,,,,,,,,,,,,,,,,,,,,,,,,,,,,,tract,36005016400,"Census Tract 164, Bronx County, New York",,0,32.26121,60.23392,7.504873,0,0,0,,,,,,,,,,,,,,,,,,,,,,,,,,,,,,,,,,,,,,,,tract,36005016500,"Census Tract 165, Bronx County, New York",,0,49.6008,0.399202,50,0,0,0,,,,,,,,,,,,,,,,,,,,,,,,,,,,,,,,,,,,,,,,tract,36005016600,"Census Tract 166, Bronx County, New York",,0,60.181,29.77376,2.760181,0,5.520362,1.764706,,,,,,,,,,,,,,,,,,,,,,,,,,,,,,,,,,,,,,,,tract,36005016700,"Census Tract 167, Bronx County, New York",,0,54.82877,1.335616,42.91096,0,0,0.924658,,,,,,,,,,,,,,,,,,,,,,,,,,,,,,,,,,,,,,,,tract,36005016900,"Census Tract 169, Bronx County, New York",,0,43.05658,2.86554,54.07788,0,0,0,,,,,,,,,,,,,,,,,,,,,,,,,,,,,,,,,,,,,,,,tract,36005017100,"Census Tract 171, Bronx County, New York",,1,n/a,n/a,n/a,n/a,n/a,n/a,,,,,,,,,,,,,,,,,,,,,,,,,,,,,,,,,,,,,,,,tract,36005017300,"Census Tract 173, Bronx County, New York",,0,62.78195,1.484962,24.06015,0.281955,10.46992,0.921053,,,,,,,,,,,,,,,,,,,,,,,,,,,,,,,,,,,,,,,,tract,36005017500,"Census Tract 175, Bronx County, New York",,0,65.20115,1.077586,29.22414,3.347701,0.215517,0.933908,,,,,,,,,,,,,,,,,,,,,,,,,,,,,,,,,,,,,,,,tract,36005017701,"Census Tract 177.01, Bronx County, New York",,0,62.64346,1.0329,35.86458,0,0.17215,0.286917,,,,,,,,,,,,,,,,,,,,,,,,,,,,,,,,,,,,,,,,tract,36005017702,"Census Tract 177.02, Bronx County, New York",,0,63.48824,0.555453,30.5499,0,1.870024,3.536382,,,,,,,,,,,,,,,,,,,,,,,,,,,,,,,,,,,,,,,,tract,36005017901,"Census Tract 179.01, Bronx County, New York",,0,67.15571,0.958529,26.78013,3.442879,1.662754,0,,,,,,,,,,,,,,,,,,,,,,,,,,,,,,,,,,,,,,,,tract,36005017902,"Census Tract 179.02, Bronx County, New York",,0,44.80447,0.446927,50.41899,0,0,4.329609,,,,,,,,,,,,,,,,,,,,,,,,,,,,,,,,,,,,,,,,tract,36005018101,"Census Tract 181.01, Bronx County, New York",,0,60.03911,0,38.72229,0,0,1.238592,,,,,,,,,,,,,,,,,,,,,,,,,,,,,,,,,,,,,,,,tract,36005018102,"Census Tract 181.02, Bronx County, New York",,0,55.03333,3.930952,35.54948,0,3.828405,1.657836,,,,,,,,,,,,,,,,,,,,,,,,,,,,,,,,,,,,,,,,tract,36005018301,"Census Tract 183.01, Bronx County, New York",,0,59.08751,2.817253,32.48566,0,4.736973,0.8726,,,,,,,,,,,,,,,,,,,,,,,,,,,,,,,,,,,,,,,,tract,36005018302,"Census Tract 183.02, Bronx County, New York",,0,64.85923,2.502607,31.12617,0,0.469239,1.042753,,,,,,,,,,,,,,,,,,,,,,,,,,,,,,,,,,,,,,,,tract,36005018400,"Census Tract 184, Bronx County, New York",,0,36.27423,56.84181,2.725485,0,2.191627,1.966845,,,,,,,,,,,,,,,,,,,,,,,,,,,,,,,,,,,,,,,,tract,36005018500,"Census Tract 185, Bronx County, New York",,0,55.76137,1.334786,40.8608,0,0,2.04304,,,,,,,,,,,,,,,,,,,,,,,,,,,,,,,,,,,,,,,,tract,36005018900,"Census Tract 189, Bronx County, New York",,0,71.81707,2.939024,25.14634,0.097561,0,0,,,,,,,,,,,,,,,,,,,,,,,,,,,,,,,,,,,,,,,,tract,36005019300,"Census Tract 193, Bronx County, New York",,0,63.31507,0.229723,35.96042,0.300406,0.194381,0,,,,,,,,,,,,,,,,,,,,,,,,,,,,,,,,,,,,,,,,tract,36005019400,"Census Tract 194, Bronx County, New York",,0,60.11116,19.45276,14.79265,0,1.838392,3.805045,,,,,,,,,,,,,,,,,,,,,,,,,,,,,,,,,,,,,,,,tract,36005019500,"Census Tract 195, Bronx County, New York",,0,70.30287,0.97829,27.08389,0,0.21442,1.420531,,,,,,,,,,,,,,,,,,,,,,,,,,,,,,,,,,,,,,,,tract,36005019700,"Census Tract 197, Bronx County, New York",,0,70.87564,0.721118,20.25018,0,5.22443,2.928624,,,,,,,,,,,,,,,,,,,,,,,,,,,,,,,,,,,,,,,,tract,36005019900,"Census Tract 199, Bronx County, New York",,0,70.17523,1.941748,26.11887,0,0,1.764149,,,,,,,,,,,,,,,,,,,,,,,,,,,,,,,,,,,,,,,,tract,36005020000,"Census Tract 200, Bronx County, New York",,0,61.60808,2.56788,3.220375,0,30.81457,1.789097,,,,,,,,,,,,,,,,,,,,,,,,,,,,,,,,,,,,,,,,tract,36005020100,"Census Tract 201, Bronx County, New York",,0,67.11919,3.543488,28.73907,0,0.598251,0,,,,,,,,,,,,,,,,,,,,,,,,,,,,,,,,,,,,,,,,tract,36005020200,"Census Tract 202, Bronx County, New York",,0,60.07293,8.568824,15.31449,0,14.03829,2.005469,,,,,,,,,,,,,,,,,,,,,,,,,,,,,,,,,,,,,,,,tract,36005020400,"Census Tract 204, Bronx County, New York",,0,69.90457,5.896387,9.577369,0,10.02045,4.601227,,,,,,,,,,,,,,,,,,,,,,,,,,,,,,,,,,,,,,,,tract,36005020501,"Census Tract 205.01, Bronx County, New York",,0,70.18707,0.206216,29.42996,0,0.176757,0,,,,,,,,,,,,,,,,,,,,,,,,,,,,,,,,,,,,,,,,tract,36005020502,"Census Tract 205.02, Bronx County, New York",,0,61.75355,2.796209,35.0237,0,0.236967,0.189573,,,,,,,,,,,,,,,,,,,,,,,,,,,,,,,,,,,,,,,,tract,36005020601,"Census Tract 206.01, Bronx County, New York",,0,41.05663,4.074586,8.252762,0,31.5953,15.02072,,,,,,,,,,,,,,,,,,,,,,,,,,,,,,,,,,,,,,,,tract,36005020900,"Census Tract 209, Bronx County, New York",,0,61.79725,3.22872,33.64191,0,0.158049,1.17408,,,,,,,,,,,,,,,,,,,,,,,,,,,,,,,,,,,,,,,,tract,36005021001,"Census Tract 210.01, Bronx County, New York",,0,41.60448,1.409619,46.35158,0.528607,8.447347,1.658375,,,,,,,,,,,,,,,,,,,,,,,,,,,,,,,,,,,,,,,,tract,36005021002,"Census Tract 210.02, Bronx County, New York",,0,22.52699,2.334403,57.33878,0,14.25445,3.545375,,,,,,,,,,,,,,,,,,,,,,,,,,,,,,,,,,,,,,,,tract,36005021100,"Census Tract 211, Bronx County, New York",,0,60.03846,0.230769,39.13462,0,0.115385,0.480769,,,,,,,,,,,,,,,,,,,,,,,,,,,,,,,,,,,,,,,,tract,36005021200,"Census Tract 212, Bronx County, New York",,0,34.58778,1.357905,35.28613,0,25.7226,3.045587,,,,,,,,,,,,,,,,,,,,,,,,,,,,,,,,,,,,,,,,tract,36005021301,"Census Tract 213.01, Bronx County, New York",,0,80.64516,4.272014,15.08282,0,0,0,,,,,,,,,,,,,,,,,,,,,,,,,,,,,,,,,,,,,,,,tract,36005021302,"Census Tract 213.02, Bronx County, New York",,0,51.894,1.056739,45.92749,0,1.121769,0,,,,,,,,,,,,,,,,,,,,,,,,,,,,,,,,,,,,,,,,tract,36005021501,"Census Tract 215.01, Bronx County, New York",,0,74.98425,0.567108,23.27242,0,0,1.176223,,,,,,,,,,,,,,,,,,,,,,,,,,,,,,,,,,,,,,,,tract,36005021502,"Census Tract 215.02, Bronx County, New York",,0,72.73738,0.98444,25.53191,0,0,0.746269,,,,,,,,,,,,,,,,,,,,,,,,,,,,,,,,,,,,,,,,tract,36005021601,"Census Tract 216.01, Bronx County, New York",,0,55.32359,11.62143,22.68615,0,4.360937,6.007887,,,,,,,,,,,,,,,,,,,,,,,,,,,,,,,,,,,,,,,,tract,36005021602,"Census Tract 216.02, Bronx County, New York",,0,41.08514,1.689132,34.07268,0.580106,18.23921,4.333731,,,,,,,,,,,,,,,,,,,,,,,,,,,,,,,,,,,,,,,,tract,36005021700,"Census Tract 217, Bronx County, New York",,0,54.47919,1.438711,43.23806,0.364473,0.47957,0,,,,,,,,,,,,,,,,,,,,,,,,,,,,,,,,,,,,,,,,tract,36005021800,"Census Tract 218, Bronx County, New York",,0,62.83843,2.576419,27.30713,0,6.972344,0.305677,,,,,,,,,,,,,,,,,,,,,,,,,,,,,,,,,,,,,,,,tract,36005021900,"Census Tract 219, Bronx County, New York",,0,89.05429,1.313485,9.194396,0.437828,0,0,,,,,,,,,,,,,,,,,,,,,,,,,,,,,,,,,,,,,,,,tract,36005022000,"Census Tract 220, Bronx County, New York",,0,77.27691,0.965961,13.79945,0,7.543698,0.413983,,,,,,,,,,,,,,,,,,,,,,,,,,,,,,,,,,,,,,,,tract,36005022101,"Census Tract 221.01, Bronx County, New York",,0,74.54407,0.177305,20.74468,0,3.292806,1.241135,,,,,,,,,,,,,,,,,,,,,,,,,,,,,,,,,,,,,,,,tract,36005022102,"Census Tract 221.02, Bronx County, New York",,0,80.48366,1.51143,14.18855,0,0.39675,3.419611,,,,,,,,,,,,,,,,,,,,,,,,,,,,,,,,,,,,,,,,tract,36005022200,"Census Tract 222, Bronx County, New York",,0,60.21765,4.594921,14.57074,0,18.22854,2.38815,,,,,,,,,,,,,,,,,,,,,,,,,,,,,,,,,,,,,,,,tract,36005022300,"Census Tract 223, Bronx County, New York",,0,69.15202,2.202048,24.16457,0,0,4.48136,,,,,,,,,,,,,,,,,,,,,,,,,,,,,,,,,,,,,,,,tract,36005022401,"Census Tract 224.01, Bronx County, New York",,0,70.11044,8.371927,16.60135,0,4.702529,0.213751,,,,,,,,,,,,,,,,,,,,,,,,,,,,,,,,,,,,,,,,tract,36005022403,"Census Tract 224.03, Bronx County, New York",,0,68.31987,14.32154,14.85093,0,0,2.507662,,,,,,,,,,,,,,,,,,,,,,,,,,,,,,,,,,,,,,,,tract,36005022404,"Census Tract 224.04, Bronx County, New York",,0,48.7925,23.54045,20.89097,0.398593,4.009379,2.368113,,,,,,,,,,,,,,,,,,,,,,,,,,,,,,,,,,,,,,,,tract,36005022500,"Census Tract 225, Bronx County, New York",,0,64.96445,0.414692,30.6872,0,3.649289,0.28436,,,,,,,,,,,,,,,,,,,,,,,,,,,,,,,,,,,,,,,,tract,36005022701,"Census Tract 227.01, Bronx County, New York",,0,59.25344,1.098901,36.92657,0,2.354788,0.3663,,,,,,,,,,,,,,,,,,,,,,,,,,,,,,,,,,,,,,,,tract,36005022702,"Census Tract 227.02, Bronx County, New York",,0,57.33057,0.760719,29.66805,0,8.921162,3.319502,,,,,,,,,,,,,,,,,,,,,,,,,,,,,,,,,,,,,,,,tract,36005022703,"Census Tract 227.03, Bronx County, New York",,0,60.67606,5.971831,19.21127,0,13.80282,0.338028,,,,,,,,,,,,,,,,,,,,,,,,,,,,,,,,,,,,,,,,tract,36005022800,"Census Tract 228, Bronx County, New York",,0,50.74425,17.23613,19.58728,0,11.75575,0.67659,,,,,,,,,,,,,,,,,,,,,,,,,,,,,,,,,,,,,,,,tract,36005022901,"Census Tract 229.01, Bronx County, New York",,0,63.25664,2.035398,28.15929,1.522124,1.415929,3.610619,,,,,,,,,,,,,,,,,,,,,,,,,,,,,,,,,,,,,,,,tract,36005022902,"Census Tract 229.02, Bronx County, New York",,0,71.61017,0.635593,23.91041,0,0.635593,3.208232,,,,,,,,,,,,,,,,,,,,,,,,,,,,,,,,,,,,,,,,tract,36005023000,"Census Tract 230, Bronx County, New York",,0,46.6893,26.65535,13.14092,0,10.32258,3.191851,,,,,,,,,,,,,,,,,,,,,,,,,,,,,,,,,,,,,,,,tract,36005023100,"Census Tract 231, Bronx County, New York",,0,59.69697,2.969697,37.33333,0,0,0,,,,,,,,,,,,,,,,,,,,,,,,,,,,,,,,,,,,,,,,tract,36005023200,"Census Tract 232, Bronx County, New York",,0,59.91858,24.42635,7.253886,0,4.996299,3.404885,,,,,,,,,,,,,,,,,,,,,,,,,,,,,,,,,,,,,,,,tract,36005023301,"Census Tract 233.01, Bronx County, New York",,0,75.91398,0,23.51254,0,0.095579,0.477897,,,,,,,,,,,,,,,,,,,,,,,,,,,,,,,,,,,,,,,,tract,36005023302,"Census Tract 233.02, Bronx County, New York",,0,78.50597,1.277423,18.46709,0,1.749514,0,,,,,,,,,,,,,,,,,,,,,,,,,,,,,,,,,,,,,,,,tract,36005023501,"Census Tract 235.01, Bronx County, New York",,0,82.57364,0.496124,14.85271,0,0.992248,1.085271,,,,,,,,,,,,,,,,,,,,,,,,,,,,,,,,,,,,,,,,tract,36005023502,"Census Tract 235.02, Bronx County, New York",,0,81.09862,3.222318,12.54325,0,1.621972,1.513841,,,,,,,,,,,,,,,,,,,,,,,,,,,,,,,,,,,,,,,,tract,36005023600,"Census Tract 236, Bronx County, New York",,0,54.98236,32.01058,8.377425,0,4.62963,0,,,,,,,,,,,,,,,,,,,,,,,,,,,,,,,,,,,,,,,,tract,36005023702,"Census Tract 237.02, Bronx County, New York",,0,70.70376,1.718494,22.83142,0,0.327332,4.418985,,,,,,,,,,,,,,,,,,,,,,,,,,,,,,,,,,,,,,,,tract,36005023703,"Census Tract 237.03, Bronx County, New York",,0,76.63892,3.295179,18.07145,0,1.664932,0.329518,,,,,,,,,,,,,,,,,,,,,,,,,,,,,,,,,,,,,,,,tract,36005023704,"Census Tract 237.04, Bronx County, New York",,0,76.6055,0.700145,20.6422,0,0.386287,1.665862,,,,,,,,,,,,,,,,,,,,,,,,,,,,,,,,,,,,,,,,tract,36005023800,"Census Tract 238, Bronx County, New York",,0,64.96235,13.91201,15.57669,0,5.54895,0,,,,,,,,,,,,,,,,,,,,,,,,,,,,,,,,,,,,,,,,tract,36005023900,"Census Tract 239, Bronx County, New York",,0,80.41861,0.491741,18.53486,0.554785,0,0,,,,,,,,,,,,,,,,,,,,,,,,,,,,,,,,,,,,,,,,tract,36005024000,"Census Tract 240, Bronx County, New York",,0,67.09624,6.361393,24.84234,0,0.932273,0.767754,,,,,,,,,,,,,,,,,,,,,,,,,,,,,,,,,,,,,,,,tract,36005024100,"Census Tract 241, Bronx County, New York",,0,68.8915,2.230421,27.352,0,0.452792,1.073285,,,,,,,,,,,,,,,,,,,,,,,,,,,,,,,,,,,,,,,,tract,36005024300,"Census Tract 243, Bronx County, New York",,0,67.6109,0.534474,25.93978,0,5.433814,0.481026,,,,,,,,,,,,,,,,,,,,,,,,,,,,,,,,,,,,,,,,tract,36005024400,"Census Tract 244, Bronx County, New York",,0,52.28645,40.07765,5.522002,0,2.113891,0,,,,,,,,,,,,,,,,,,,,,,,,,,,,,,,,,,,,,,,,tract,36005024501,"Census Tract 245.01, Bronx County, New York",,0,74.88979,0.440852,23.40191,0,0.936811,0.330639,,,,,,,,,,,,,,,,,,,,,,,,,,,,,,,,,,,,,,,,tract,36005024502,"Census Tract 245.02, Bronx County, New York",,0,72.5896,0.429076,26.93084,0,0,0.05048,,,,,,,,,,,,,,,,,,,,,,,,,,,,,,,,,,,,,,,,tract,36005024600,"Census Tract 246, Bronx County, New York",,0,46.32792,39.58155,3.031597,0,10.76003,0.29889,,,,,,,,,,,,,,,,,,,,,,,,,,,,,,,,,,,,,,,,tract,36005024700,"Census Tract 247, Bronx County, New York",,0,42.83481,1.250651,54.14278,0,1.771756,0,,,,,,,,,,,,,,,,,,,,,,,,,,,,,,,,,,,,,,,,tract,36005024800,"Census Tract 248, Bronx County, New York",,0,24.42276,53.62602,12.65041,0.617886,8.227642,0.455285,,,,,,,,,,,,,,,,,,,,,,,,,,,,,,,,,,,,,,,,tract,36005024900,"Census Tract 249, Bronx County, New York",,1,n/a,n/a,n/a,n/a,n/a,n/a,,,,,,,,,,,,,,,,,,,,,,,,,,,,,,,,,,,,,,,,tract,36005025000,"Census Tract 250, Bronx County, New York",,0,26.47815,55.56372,1.358795,0,14.79985,1.799486,,,,,,,,,,,,,,,,,,,,,,,,,,,,,,,,,,,,,,,,tract,36005025100,"Census Tract 251, Bronx County, New York",,0,70.34053,1.383399,19.13956,0,8.026756,1.10976,,,,,,,,,,,,,,,,,,,,,,,,,,,,,,,,,,,,,,,,tract,36005025200,"Census Tract 252, Bronx County, New York",,0,34.86306,44.07846,3.182828,0.333087,14.95189,2.590674,,,,,,,,,,,,,,,,,,,,,,,,,,,,,,,,,,,,,,,,tract,36005025300,"Census Tract 253, Bronx County, New York",,0,76.43882,0.624473,15.40928,2.177215,4.438819,0.911392,,,,,,,,,,,,,,,,,,,,,,,,,,,,,,,,,,,,,,,,tract,36005025400,"Census Tract 254, Bronx County, New York",,0,27.9703,55.14851,3.514851,0,10.49505,2.871287,,,,,,,,,,,,,,,,,,,,,,,,,,,,,,,,,,,,,,,,tract,36005025500,"Census Tract 255, Bronx County, New York",,0,82.39163,1.602294,14.97723,0.455389,0,0.573453,,,,,,,,,,,,,,,,,,,,,,,,,,,,,,,,,,,,,,,,tract,36005025600,"Census Tract 256, Bronx County, New York",,0,42.48292,24.25968,24.03189,0,8.200456,1.025057,,,,,,,,,,,,,,,,,,,,,,,,,,,,,,,,,,,,,,,,tract,36005025700,"Census Tract 257, Bronx County, New York",,0,77.49333,2.346667,20.16,0,0,0,,,,,,,,,,,,,,,,,,,,,,,,,,,,,,,,,,,,,,,,tract,36005026100,"Census Tract 261, Bronx County, New York",,0,37.79449,4.06015,52.73183,0,2.706767,2.706767,,,,,,,,,,,,,,,,,,,,,,,,,,,,,,,,,,,,,,,,tract,36005026300,"Census Tract 263, Bronx County, New York",,0,74.31396,8.760866,16.10704,0.681779,0,0.136356,,,,,,,,,,,,,,,,,,,,,,,,,,,,,,,,,,,,,,,,tract,36005026400,"Census Tract 264, Bronx County, New York",,0,47.01831,40.13051,4.930216,0.362516,6.996556,0.5619,,,,,,,,,,,,,,,,,,,,,,,,,,,,,,,,,,,,,,,,tract,36005026500,"Census Tract 265, Bronx County, New York",,0,79.21298,4.81666,6.222052,0,7.691325,2.056982,,,,,,,,,,,,,,,,,,,,,,,,,,,,,,,,,,,,,,,,tract,36005026601,"Census Tract 266.01, Bronx County, New York",,0,55.50518,35.88083,5.051813,0,2.882124,0.680052,,,,,,,,,,,,,,,,,,,,,,,,,,,,,,,,,,,,,,,,tract,36005026602,"Census Tract 266.02, Bronx County, New York",,0,49.50276,37.73481,8.821363,0.515654,1.970534,1.45488,,,,,,,,,,,,,,,,,,,,,,,,,,,,,,,,,,,,,,,,tract,36005026701,"Census Tract 267.01, Bronx County, New York",,0,69.59939,2.789047,7.606491,0,17.41886,2.586207,,,,,,,,,,,,,,,,,,,,,,,,,,,,,,,,,,,,,,,,tract,36005026702,"Census Tract 267.02, Bronx County, New York",,0,77.59586,2.336972,15.51917,0,2.00112,2.546879,,,,,,,,,,,,,,,,,,,,,,,,,,,,,,,,,,,,,,,,tract,36005026900,"Census Tract 269, Bronx County, New York",,0,73.34044,5.198614,14.66276,0,3.972274,2.825913,,,,,,,,,,,,,,,,,,,,,,,,,,,,,,,,,,,,,,,,tract,36005027300,"Census Tract 273, Bronx County, New York",,0,75.91981,3.667033,16.74612,0,2.395795,1.271238,,,,,,,,,,,,,,,,,,,,,,,,,,,,,,,,,,,,,,,,tract,36005027401,"Census Tract 274.01, Bronx County, New York",,0,20.92457,75.3152,0,0,3.76023,0,,,,,,,,,,,,,,,,,,,,,,,,,,,,,,,,,,,,,,,,tract,36005027402,"Census Tract 274.02, Bronx County, New York",,0,23.84013,71.68809,0.866406,0,3.102292,0.503074,,,,,,,,,,,,,,,,,,,,,,,,,,,,,,,,,,,,,,,,tract,36005027600,"Census Tract 276, Bronx County, New York",,0,13.55932,35.59322,50.84746,0,0,0,,,,,,,,,,,,,,,,,,,,,,,,,,,,,,,,,,,,,,,,tract,36005027700,"Census Tract 277, Bronx County, New York",,0,70.92136,11.02432,12.99485,0.852121,2.73389,1.47346,,,,,,,,,,,,,,,,,,,,,,,,,,,,,,,,,,,,,,,,tract,36005027900,"Census Tract 279, Bronx County, New York",,0,58.81346,16.62864,15.40217,2.681118,6.046777,0.427838,,,,,,,,,,,,,,,,,,,,,,,,,,,,,,,,,,,,,,,,tract,36005028100,"Census Tract 281, Bronx County, New York",,0,38.43302,29.56006,25.75383,0.370737,2.545724,3.336629,,,,,,,,,,,,,,,,,,,,,,,,,,,,,,,,,,,,,,,,tract,36005028300,"Census Tract 283, Bronx County, New York",,0,67.5773,3.812669,28.61003,0,0,0,,,,,,,,,,,,,,,,,,,,,,,,,,,,,,,,,,,,,,,,tract,36005028400,"Census Tract 284, Bronx County, New York",,0,38.71907,24.45415,29.54876,0.582242,2.765648,3.930131,,,,,,,,,,,,,,,,,,,,,,,,,,,,,,,,,,,,,,,,tract,36005028500,"Census Tract 285, Bronx County, New York",,0,37.78928,45.95006,3.501827,0,11.2972,1.461632,,,,,,,,,,,,,,,,,,,,,,,,,,,,,,,,,,,,,,,,tract,36005028600,"Census Tract 286, Bronx County, New York",,0,41.84874,42.68908,1.764706,0,11.68067,2.016807,,,,,,,,,,,,,,,,,,,,,,,,,,,,,,,,,,,,,,,,tract,36005028700,"Census Tract 287, Bronx County, New York",,0,51.60681,29.77316,11.43667,0,5.797101,1.386263,,,,,,,,,,,,,,,,,,,,,,,,,,,,,,,,,,,,,,,,tract,36005028800,"Census Tract 288, Bronx County, New York",,0,19.27609,63.83277,5.527497,0,11.36364,0,,,,,,,,,,,,,,,,,,,,,,,,,,,,,,,,,,,,,,,,tract,36005028900,"Census Tract 289, Bronx County, New York",,0,66.11661,19.29593,3.674367,0,4.862486,6.050605,,,,,,,,,,,,,,,,,,,,,,,,,,,,,,,,,,,,,,,,tract,36005029301,"Census Tract 293.01, Bronx County, New York",,0,14.14687,73.43413,6.209503,0,2.159827,4.049676,,,,,,,,,,,,,,,,,,,,,,,,,,,,,,,,,,,,,,,,tract,36005029302,"Census Tract 293.02, Bronx County, New York",,0,19.41784,69.12676,6.29108,0,3.624413,1.539906,,,,,,,,,,,,,,,,,,,,,,,,,,,,,,,,,,,,,,,,tract,36005029500,"Census Tract 295, Bronx County, New York",,0,31.84401,47.14874,12.30649,0,6.212032,2.488732,,,,,,,,,,,,,,,,,,,,,,,,,,,,,,,,,,,,,,,,tract,36005029600,"Census Tract 296, Bronx County, New York",,0,23.59281,28.92216,18.26347,0.538922,27.84431,0.838323,,,,,,,,,,,,,,,,,,,,,,,,,,,,,,,,,,,,,,,,tract,36005029700,"Census Tract 297, Bronx County, New York",,0,22.11994,61.47838,5.048815,0,9.372385,1.980474,,,,,,,,,,,,,,,,,,,,,,,,,,,,,,,,,,,,,,,,tract,36005030000,"Census Tract 300, Bronx County, New York",,0,51.34939,31.55226,4.473827,0,12.08114,0.54338,,,,,,,,,,,,,,,,,,,,,,,,,,,,,,,,,,,,,,,,tract,36005030100,"Census Tract 301, Bronx County, New York",,0,34.2246,56.68449,4.048892,0,3.743316,1.298701,,,,,,,,,,,,,,,,,,,,,,,,,,,,,,,,,,,,,,,,tract,36005030200,"Census Tract 302, Bronx County, New York",,0,23.5038,7.402532,60.58734,0,1.002532,7.503797,,,,,,,,,,,,,,,,,,,,,,,,,,,,,,,,,,,,,,,,tract,36005030701,"Census Tract 307.01, Bronx County, New York",,0,15.70997,75.77417,2.832326,0,3.682024,2.001511,,,,,,,,,,,,,,,,,,,,,,,,,,,,,,,,,,,,,,,,tract,36005030900,"Census Tract 309, Bronx County, New York",,0,18.91391,69.77483,5.615894,0.503311,4.529801,0.662252,,,,,,,,,,,,,,,,,,,,,,,,,,,,,,,,,,,,,,,,tract,36005031000,"Census Tract 310, Bronx County, New York",,0,28.6237,34.7225,26.99736,0,7.176255,2.480179,,,,,,,,,,,,,,,,,,,,,,,,,,,,,,,,,,,,,,,,tract,36005031200,"Census Tract 312, Bronx County, New York",,0,15.33413,42.78043,17.8401,0,22.01671,2.02864,,,,,,,,,,,,,,,,,,,,,,,,,,,,,,,,,,,,,,,,tract,36005031400,"Census Tract 314, Bronx County, New York",,0,36.43411,37.6197,9.849521,0,11.67351,4.423165,,,,,,,,,,,,,,,,,,,,,,,,,,,,,,,,,,,,,,,,tract,36005031600,"Census Tract 316, Bronx County, New York",,0,31.32859,38.655,15.03554,0,12.24713,2.733734,,,,,,,,,,,,,,,,,,,,,,,,,,,,,,,,,,,,,,,,tract,36005031800,"Census Tract 318, Bronx County, New York",,0,33.0697,43.05487,18.19081,0,4.794859,0.889768,,,,,,,,,,,,,,,,,,,,,,,,,,,,,,,,,,,,,,,,tract,36005031900,"Census Tract 319, Bronx County, New York",,0,21.10092,65.44343,7.798165,0,4.740061,0.917431,,,,,,,,,,,,,,,,,,,,,,,,,,,,,,,,,,,,,,,,tract,36005032300,"Census Tract 323, Bronx County, New York",,0,14.62754,70.72235,8.893905,0,4.785553,0.970655,,,,,,,,,,,,,,,,,,,,,,,,,,,,,,,,,,,,,,,,tract,36005032400,"Census Tract 324, Bronx County, New York",,0,61.31702,10.14754,21.3746,0,0.935588,6.225261,,,,,,,,,,,,,,,,,,,,,,,,,,,,,,,,,,,,,,,,tract,36005032600,"Census Tract 326, Bronx County, New York",,0,25.97741,43.93281,14.0168,0,16.07298,0,,,,,,,,,,,,,,,,,,,,,,,,,,,,,,,,,,,,,,,,tract,36005032800,"Census Tract 328, Bronx County, New York",,0,54.83109,12.59154,22.34822,0,7.961257,2.267895,,,,,,,,,,,,,,,,,,,,,,,,,,,,,,,,,,,,,,,,tract,36005033000,"Census Tract 330, Bronx County, New York",,0,58.81739,26.8,12.57391,0,1.478261,0.330435,,,,,,,,,,,,,,,,,,,,,,,,,,,,,,,,,,,,,,,,tract,36005033201,"Census Tract 332.01, Bronx County, New York",,0,66.47465,15.73733,11.72811,0,1.658986,4.400922,,,,,,,,,,,,,,,,,,,,,,,,,,,,,,,,,,,,,,,,tract,36005033202,"Census Tract 332.02, Bronx County, New York",,0,55.1599,11.20435,26.87684,0,4.12792,2.630982,,,,,,,,,,,,,,,,,,,,,,,,,,,,,,,,,,,,,,,,tract,36005033400,"Census Tract 334, Bronx County, New York",,0,64.78202,8.991826,24.6594,0,1.566757,0,,,,,,,,,,,,,,,,,,,,,,,,,,,,,,,,,,,,,,,,tract,36005033500,"Census Tract 335, Bronx County, New York",,0,14.67181,70.02896,4.92278,0,7.480695,2.895753,,,,,,,,,,,,,,,,,,,,,,,,,,,,,,,,,,,,,,,,tract,36005033600,"Census Tract 336, Bronx County, New York",,0,53.98035,3.078727,39.78889,0,1.641988,1.510043,,,,,,,,,,,,,,,,,,,,,,,,,,,,,,,,,,,,,,,,tract,36005033700,"Census Tract 337, Bronx County, New York",,0,18.06396,66.465,4.580812,0,6.784788,4.105445,,,,,,,,,,,,,,,,,,,,,,,,,,,,,,,,,,,,,,,,tract,36005033800,"Census Tract 338, Bronx County, New York",,0,45.25431,5.585831,41.14441,0,6.993642,1.021798,,,,,,,,,,,,,,,,,,,,,,,,,,,,,,,,,,,,,,,,tract,36005034000,"Census Tract 340, Bronx County, New York",,0,55.44351,5.186252,31.61144,1.255402,2.037456,4.465939,,,,,,,,,,,,,,,,,,,,,,,,,,,,,,,,,,,,,,,,tract,36005034200,"Census Tract 342, Bronx County, New York",,0,41.28937,5.11811,45.22638,0,7.185039,1.181102,,,,,,,,,,,,,,,,,,,,,,,,,,,,,,,,,,,,,,,,tract,36005034300,"Census Tract 343, Bronx County, New York",,0,41.81034,41.133,14.34729,0,1.231527,1.477833,,,,,,,,,,,,,,,,,,,,,,,,,,,,,,,,,,,,,,,,tract,36005034400,"Census Tract 344, Bronx County, New York",,0,33.36233,9.308395,37.84254,0,10.7873,8.699435,,,,,,,,,,,,,,,,,,,,,,,,,,,,,,,,,,,,,,,,tract,36005034500,"Census Tract 345, Bronx County, New York",,0,30.51048,45.26409,6.757156,0,16.67158,0.796695,,,,,,,,,,,,,,,,,,,,,,,,,,,,,,,,,,,,,,,,tract,36005034800,"Census Tract 348, Bronx County, New York",,0,47.54874,2.393922,46.27294,0,0.960436,2.823968,,,,,,,,,,,,,,,,,,,,,,,,,,,,,,,,,,,,,,,,tract,36005035000,"Census Tract 350, Bronx County, New York",,0,26.96264,2.815376,64.86194,0,3.898213,1.46183,,,,,,,,,,,,,,,,,,,,,,,,,,,,,,,,,,,,,,,,tract,36005035100,"Census Tract 351, Bronx County, New York",,0,32.27513,52.21387,5.096074,0,7.964355,2.450571,,,,,,,,,,,,,,,,,,,,,,,,,,,,,,,,,,,,,,,,tract,36005035600,"Census Tract 356, Bronx County, New York",,0,23.95339,2.632715,62.32197,0.043159,6.128615,4.920155,,,,,,,,,,,,,,,,,,,,,,,,,,,,,,,,,,,,,,,,tract,36005035800,"Census Tract 358, Bronx County, New York",,0,19.21336,2.306169,73.04754,2.079796,2.320317,1.032824,,,,,,,,,,,,,,,,,,,,,,,,,,,,,,,,,,,,,,,,tract,36005035900,"Census Tract 359, Bronx County, New York",,0,74.49631,0,23.88206,0,1.179361,0.44226,,,,,,,,,,,,,,,,,,,,,,,,,,,,,,,,,,,,,,,,tract,36005036000,"Census Tract 360, Bronx County, New York",,0,33.46862,9.241336,46.01936,0,8.148611,3.122073,,,,,,,,,,,,,,,,,,,,,,,,,,,,,,,,,,,,,,,,tract,36005036100,"Census Tract 361, Bronx County, New York",,0,73.7724,0.381553,25.79628,0,0.033179,0.016589,,,,,,,,,,,,,,,,,,,,,,,,,,,,,,,,,,,,,,,,tract,36005036300,"Census Tract 363, Bronx County, New York",,0,78.1904,1.033691,20.07402,0,0,0.701889,,,,,,,,,,,,,,,,,,,,,,,,,,,,,,,,,,,,,,,,tract,36005036400,"Census Tract 364, Bronx County, New York",,0,13.09804,0,81.72549,3.137255,0,2.039216,,,,,,,,,,,,,,,,,,,,,,,,,,,,,,,,,,,,,,,,tract,36005036501,"Census Tract 365.01, Bronx County, New York",,0,54.72244,1.315443,42.96238,0,0,0.999737,,,,,,,,,,,,,,,,,,,,,,,,,,,,,,,,,,,,,,,,tract,36005036502,"Census Tract 365.02, Bronx County, New York",,0,77.08233,2.936928,18.24747,0,1.733269,0,,,,,,,,,,,,,,,,,,,,,,,,,,,,,,,,,,,,,,,,tract,36005036700,"Census Tract 367, Bronx County, New York",,0,75.03671,1.211454,23.42144,0,0,0.330396,,,,,,,,,,,,,,,,,,,,,,,,,,,,,,,,,,,,,,,,tract,36005036800,"Census Tract 368, Bronx County, New York",,0,22.79889,1.853568,75.34754,0,0,0,,,,,,,,,,,,,,,,,,,,,,,,,,,,,,,,,,,,,,,,tract,36005036901,"Census Tract 369.01, Bronx County, New York",,0,73.42282,0.178971,23.6689,0,2.102908,0.626398,,,,,,,,,,,,,,,,,,,,,,,,,,,,,,,,,,,,,,,,tract,36005036902,"Census Tract 369.02, Bronx County, New York",,0,59.39918,1.183432,39.41739,0,0,0,,,,,,,,,,,,,,,,,,,,,,,,,,,,,,,,,,,,,,,,tract,36005037000,"Census Tract 370, Bronx County, New York",,0,25.24834,2.81457,70.73675,0,0.372517,0.827815,,,,,,,,,,,,,,,,,,,,,,,,,,,,,,,,,,,,,,,,tract,36005037100,"Census Tract 371, Bronx County, New York",,0,55.12821,2.089269,40.07597,0,0.42735,2.279202,,,,,,,,,,,,,,,,,,,,,,,,,,,,,,,,,,,,,,,,tract,36005037200,"Census Tract 372, Bronx County, New York",,0,31.16343,1.292705,58.17175,0,2.216066,7.156048,,,,,,,,,,,,,,,,,,,,,,,,,,,,,,,,,,,,,,,,tract,36005037300,"Census Tract 373, Bronx County, New York",,0,63.76989,2.080783,33.50236,0,0.017486,0.629481,,,,,,,,,,,,,,,,,,,,,,,,,,,,,,,,,,,,,,,,tract,36005037400,"Census Tract 374, Bronx County, New York",,0,41.68383,0.952626,52.65191,0,2.960865,1.750772,,,,,,,,,,,,,,,,,,,,,,,,,,,,,,,,,,,,,,,,tract,36005037504,"Census Tract 375.04, Bronx County, New York",,0,59.50461,5.040323,33.55415,0,1.900922,0,,,,,,,,,,,,,,,,,,,,,,,,,,,,,,,,,,,,,,,,trac